shape_id,shape_pt_lat,shape_pt_lon,shape_pt_sequence,shape_dist_traveled
Linea_1,41.6723601773948,-3.6796473435148,1,0.0
Linea_1,41.672152590144,-3.68108784048007,2,122.108311216668
Linea_1,41.6723982349845,-3.68115963373725,3,150.028622560791
Linea_1,41.6729958808977,-3.6815425920193,4,223.644003358648
Linea_1,41.6737310730995,-3.68211462216479,5,318.144039704948
Linea_1,41.6751530783083,-3.68327820815548,6,503.368300159314
Linea_1,41.6759735488395,-3.68171456387103,7,662.237219146017
Linea_1,41.6760790661787,-3.68166824564034,8,674.570610917777
Linea_1,41.676169015249,-3.68170066840125,9,684.91563175118
Linea_1,41.6773221389204,-3.68274749252382,10,839.782899331055
Linea_1,41.6774835080504,-3.68286225212768,11,860.086651047389
Linea_1,41.6775544278958,-3.68281824980903,12,868.770843954495
Linea_1,41.6776443749041,-3.68285067256997,13,879.115631556472
Linea_1,41.6776737806292,-3.68295488858905,14,888.384360813201
Linea_1,41.6776530236477,-3.68305910460717,15,897.359957362052
Linea_1,41.6775942121643,-3.68310773874902,16,905.042688224497
Linea_1,41.6775008055809,-3.68308226372252,17,915.627910075644
Linea_1,41.6763195790844,-3.68538884699697,18,1148.14141493147
Linea_1,41.6762214524173,-3.6856063801994,19,1169.27362246983
Linea_1,41.6761924987283,-3.68582487046586,20,1187.74255429839
Linea_1,41.6760582587283,-3.68586715890427,21,1203.05686493612
Linea_1,41.6759213862832,-3.68574734166165,22,1221.23395742787
Linea_1,41.6757397666278,-3.68573676955222,23,1241.41784008271
Linea_1,41.6746327286644,-3.68594505979698,24,1365.54582394772
Linea_1,41.6732979269016,-3.68569786784627,25,1515.16652528819
Linea_1,41.6713053711845,-3.6850653712049,26,1742.57314713586
Linea_1,41.6709736937295,-3.68506184716819,27,1779.39944188064
Linea_1,41.6706446469463,-3.68528738550734,28,1820.47466669996
Linea_1,41.6699773872742,-3.68622675295154,29,1928.19459315846
Linea_1,41.6698852529184,-3.68671306999562,30,1969.95165676125
Linea_1,41.6698720908573,-3.68819316534587,31,2093.17477649429
Linea_1,41.6699154437309,-3.68898519293219,32,2159.28466008849
Linea_1,41.6701207714469,-3.68989439436154,33,2238.33200986174
Linea_1,41.6692131892412,-3.6904668392605,34,2349.79855684099
Linea_1,41.6691026266862,-3.69175663663734,35,2457.87180748394
Linea_1,41.6686445997556,-3.69374763641477,36,2631.24626686675
Linea_1,41.668739368346,-3.69394145842489,37,2650.50932086649
Linea_1,41.6687235735928,-3.69423747733987,38,2675.21497231741
Linea_1,41.668605761728,-3.69439871432337,39,2693.95710155274
Linea_1,41.6684715059054,-3.69436347395762,40,2709.14908200217
Linea_1,41.6683635745511,-3.69408859910652,41,2734.98009196345
Linea_1,41.6676843926534,-3.69408859903507,42,2810.38760551353
Linea_1,41.6650633321453,-3.69440518011726,43,3102.58702781315
Linea_1,41.663274159524,-3.69392539365415,44,3305.20965053987
Linea_1,41.6630714426626,-3.69386196099612,45,3328.32797159988
Linea_1,41.6610635737238,-3.6940680385986,46,3551.91464784077
Linea_1,41.6610403672461,-3.69357623708319,47,3592.94257264808
Linea_1,41.6600951945532,-3.69370662643527,48,3698.44215011465
Linea_1,41.6600451701308,-3.69323440526935,49,3738.14979706715
Linea_1,41.6574897880461,-3.69355721528024,50,4023.13595952348
Linea_1,41.6573291797962,-3.69362417197499,51,4041.81897288075
Linea_1,41.6572001662855,-3.69340920542689,52,4064.74381900391
Linea_1,41.6570316585007,-3.69291936434684,53,4109.61625912354
Linea_1,41.6568921126574,-3.69244714344893,54,4151.87781802299
Linea_1,41.6568131243104,-3.69217579263463,55,4176.11401551628
Linea_1,41.6568815808834,-3.69197492255182,56,4194.48532040925
Linea_1,41.6570079620581,-3.69192206200316,57,4209.19112278116
Linea_1,41.6571369759176,-3.69197139851508,58,4224.0925323996
Linea_1,41.6572291285164,-3.6921158840133,59,4239.88535562069
Linea_1,41.6574318637696,-3.69217579263463,60,4262.94048630656
Linea_1,41.657716218634,-3.69211940805005,61,4294.85864419016
Linea_1,41.6578596708939,-3.69191973195129,62,4317.88219610486
Linea_1,41.6584599701473,-3.69182458296422,63,4385.00067746599
Linea_1,41.6580887336295,-3.68723272328185,64,4769.54622165012
Linea_1,41.6603134893657,-3.68695708038112,65,5017.61746127172
Linea_1,41.660642585424,-3.69158463541945,66,5404.63531665928
Linea_1,41.6612656221759,-3.69152381560804,67,5473.99419710011
Linea_1,41.6618395622756,-3.69133351763463,68,5539.65710443121
Linea_1,41.6620475484806,-3.6912418926843,69,5563.97657622029
Linea_1,41.6622064476479,-3.69129570503998,70,5582.17865466999
Linea_1,41.6625513338327,-3.69133094540499,71,5620.58251766317
Linea_1,41.6641677288071,-3.69114734794704,72,5800.69555307583
Linea_1,41.6639123616547,-3.68734138847378,73,6118.82735889271
Linea_1,41.6639465861772,-3.68721804719436,74,6129.77666799878
Linea_1,41.6646758513965,-3.68729562909181,75,6211.00188536087
Linea_1,41.6650180917437,-3.6873238213841,76,6249.07216739481
Linea_1,41.6677487819787,-3.68883410356494,77,6577.29039233134
Linea_1,41.6688820742738,-3.68976856410151,78,6725.22282761258
Linea_1,41.6692084976266,-3.69040993875393,79,6789.75458316691
Linea_1,41.6700956232474,-3.68987780954845,80,6897.75277587007
Linea_1,41.6698823982155,-3.68897565619187,81,6976.49768434348
Linea_1,41.6698376471932,-3.68784796449609,82,7070.50679260322
Linea_1,41.6698587080726,-3.68673688781473,83,7163.0309055444
Linea_1,41.669942945238,-3.68619771022281,84,7208.88018246681
Linea_1,41.6699897960211,-3.68486166700961,85,7320.22403056565
Linea_1,41.6698818672122,-3.68467136903618,86,7340.08746862234
Linea_1,41.6698107920438,-3.68388903292225,87,7405.6914509432
Linea_1,41.66970539645,-3.68344704441506,88,7444.30194300915
Linea_1,41.6693342242446,-3.68162511751902,89,7601.47264774593
Linea_1,41.6692473538445,-3.68100841112289,90,7653.71055187881
Linea_1,41.6687737558142,-3.67921756788118,91,7811.79698335943
Linea_1,41.6704389359993,-3.67881621106792,92,7999.67155283274
Linea_1,41.6702283445021,-3.6769026592215,93,8160.67572351224
Linea_1,41.6726606853389,-3.67750065490725,94,8435.28060446396
Linea_1,41.6723874998158,-3.67942961685944,95,8598.69489863826
Linea_2,41.6723650019827,-3.67959718566479,1,0.0
Linea_2,41.6721591793628,-3.68108806285343,2,126.193650698752
Linea_2,41.672402582593,-3.6811505562618,3,153.714119763011
Linea_2,41.6734753205646,-3.68191081242804,4,288.586848244337
Linea_2,41.6751482415467,-3.68327961423574,5,506.490016762029
Linea_2,41.6758224758775,-3.6819721200371,6,638.585025720922
Linea_2,41.6760075320992,-3.68167783484307,7,670.557101636495
Linea_2,41.6761291712112,-3.68167783484307,8,684.062323802272
Linea_2,41.6774818506588,-3.68285141209847,9,863.221373914238
Linea_2,41.6775965363437,-3.68281884106898,10,876.240010112317
Linea_2,41.6776483763429,-3.6828760143398,11,883.708287380067
Linea_2,41.6776799439868,-3.68296773720496,12,892.109123522176
Linea_2,41.6776417154969,-3.68308871531599,13,903.036990396673
Linea_2,41.6775166039185,-3.68309336832053,14,916.933154325858
Linea_2,41.6762168300272,-3.68558736178753,15,1169.760589475
Linea_2,41.6762222881981,-3.68568971471731,16,1178.30191694647
Linea_2,41.6761820760656,-3.68582466500507,17,1190.38982642379
Linea_2,41.6760890961565,-3.68586060749718,18,1201.13790810362
Linea_2,41.6759735519033,-3.68586654204259,19,1213.97595027532
Linea_2,41.6758970928744,-3.68573160491908,20,1228.05517116808
Linea_2,41.6746205776611,-3.68595029709195,21,1370.94715947516
Linea_2,41.6733088842259,-3.68570834082644,22,1517.96667443479
Linea_2,41.6714147631972,-3.68510811134493,23,1734.11945949574
Linea_2,41.6710602454631,-3.68504296928498,24,1773.85226927532
Linea_2,41.6706918244365,-3.68524304687563,25,1818.01790816772
Linea_2,41.6702921184404,-3.68572695931965,26,1877.95314796711
Linea_2,41.6699688761242,-3.68623413678424,27,1933.36630125674
Linea_2,41.6699674566007,-3.68638365835682,28,1945.81459907418
Linea_2,41.6699450933655,-3.68655296589591,29,1960.12606338835
Linea_2,41.6698884779606,-3.68681715391861,30,1982.99972652474
Linea_2,41.6698713608713,-3.68702936252842,31,2000.7675219858
Linea_2,41.669853568201,-3.68743647026889,32,2034.71581610059
Linea_2,41.6698745985489,-3.6882008753999,33,2098.39358421751
Linea_2,41.6699555007182,-3.6891314923715,34,2176.38420588096
Linea_2,41.6700865721681,-3.68967363552221,35,2223.80441609342
Linea_2,41.6701110916698,-3.68981997634731,36,2236.28737026401
Linea_2,41.6701143456358,-3.68992045889362,37,2244.66007592148
Linea_2,41.6698969469063,-3.6900912758328,38,2272.67456132524
Linea_2,41.6695109400711,-3.69029470468882,39,2318.75635452255
Linea_2,41.6692861325398,-3.69041214841587,40,2345.56262136281
Linea_2,41.6692198957555,-3.69052061582116,41,2357.20816341874
Linea_2,41.6692272065912,-3.69080199173627,42,2380.64635181247
Linea_2,41.6691644120294,-3.6913540880162,43,2427.13335096781
Linea_2,41.6689962088248,-3.69229299371858,44,2507.49606660897
Linea_2,41.6689144228378,-3.69254214704975,45,2530.13837730417
Linea_2,41.6686352138185,-3.6937728742152,46,2637.18234934836
Linea_2,41.6687429636692,-3.6939543413817,47,2656.45249002643
Linea_2,41.6687221088738,-3.69415907356876,48,2673.65283901132
Linea_2,41.6686317380137,-3.6943684587612,49,2693.7654881799
Linea_2,41.6684822782358,-3.6943684587612,50,2710.35955771787
Linea_2,41.6683780037668,-3.69410323751774,51,2735.29026667179
Linea_2,41.6664717937909,-3.69424327354221,52,2947.2518273592
Linea_2,41.6650705660596,-3.69441307759817,53,3103.46681765671
Linea_2,41.6639200007681,-3.69413389734214,54,3233.3078569875
Linea_2,41.663281654086,-3.69394337682868,55,3305.93481530875
Linea_2,41.6631182774801,-3.69394337682868,56,3324.07401065355
Linea_2,41.6629479482365,-3.69412484399521,57,3348.27922022512
Linea_2,41.6628819020818,-3.69432957618326,58,3366.83493209909
Linea_2,41.6638051027693,-3.69757353973785,59,3655.71109046193
Linea_2,41.6640598793946,-3.69907188162333,60,3783.62313825171
Linea_2,41.6644315722043,-3.70240610444699,61,4064.26475086493
Linea_2,41.6645428020778,-3.70356463095925,62,4161.50496458905
Linea_2,41.6646127114693,-3.70361723377965,63,4170.4170597801
Linea_2,41.6646505587785,-3.70369956808369,64,4178.45723619516
Linea_2,41.6646487874506,-3.70377900976246,65,4185.07404023275
Linea_2,41.6646289456637,-3.70384178850099,66,4190.74595480872
Linea_2,41.664577562323,-3.70392756529225,67,4199.88623346262
Linea_2,41.6647098728064,-3.7049621289857,68,4287.26210852591
Linea_2,41.6649963209002,-3.70767322750825,69,4515.20234438901
Linea_2,41.6659028789028,-3.71555380649934,70,5178.96468932096
Linea_2,41.6659689547125,-3.71562321118225,71,5188.30315990619
Linea_2,41.6660419168354,-3.7156980496319,72,5198.52284886882
Linea_2,41.6660519276904,-3.71581396196734,73,5208.23668121356
Linea_2,41.6660349649462,-3.71591208782789,74,5216.62021988707
Linea_2,41.6659653471891,-3.7159974690519,75,5227.12125259615
Linea_2,41.6658611674638,-3.71604237194791,76,5239.27713400484
Linea_2,41.6657957933698,-3.7159974690519,77,5247.44156459928
Linea_2,41.6657380728182,-3.71592986117832,78,5255.97094854105
Linea_2,41.6657166351212,-3.71586871922699,79,5261.59020355383
Linea_2,41.6657292519273,-3.71570932783962,80,5274.93379192066
Linea_2,41.665760005382,-3.71564704908528,81,5281.14200345771
Linea_2,41.6657568887493,-3.71553984748687,82,5290.0735888825
Linea_2,41.6657339832289,-3.71519843094094,83,5318.61116788163
Linea_2,41.6654923656443,-3.71327856013502,84,5480.68251073279
Linea_2,41.6644881562732,-3.70395380294386,85,6264.9727431136
Linea_2,41.6644507194407,-3.70391896882251,86,6270.04098925405
Linea_2,41.664401615337,-3.70386707625664,87,6276.99714354401
Linea_2,41.6643693099857,-3.70376502087484,88,6286.21979319517
Linea_2,41.6643899854126,-3.70367161425492,89,6294.32808024085
Linea_2,41.6644197063267,-3.70361626218232,90,6299.99601996185
Linea_2,41.6644455505892,-3.70355918035992,91,6305.547436983
Linea_2,41.6639993071326,-3.69939148077742,92,6656.0489511648
Linea_2,41.663826149393,-3.69819165968318,93,6757.77380948799
Linea_2,41.6634333120189,-3.69657773316172,94,6899.0440167859
Linea_2,41.6628101833178,-3.69445539789862,95,7088.80343453026
Linea_2,41.6626313118432,-3.69389212027366,96,7139.73189639828
Linea_2,41.6622337713587,-3.69393706767386,97,7184.02792785514
Linea_2,41.6610637970258,-3.69406690634747,98,7314.37553119462
Linea_2,41.6610423788073,-3.69357238380405,99,7355.61763667762
Linea_2,41.6600785801801,-3.69368705581269,100,7463.05022914553
Linea_2,41.6600196804087,-3.69322836949658,101,7501.79646094083
Linea_2,41.6575239101267,-3.69354893895567,102,7780.1763682824
Linea_2,41.6573414994348,-3.69361993877229,103,7801.27401835049
Linea_2,41.6571839485743,-3.69336834229765,104,7828.56577368607
Linea_2,41.6570721810562,-3.69300858165815,105,7860.98951887092
Linea_2,41.6568234354891,-3.69230382615808,106,7925.84460821087
Linea_2,41.6568142816887,-3.69214904140154,107,7938.77269605439
Linea_2,41.6568436465342,-3.69205334703227,108,7947.38185270815
Linea_2,41.6569144661327,-3.69195264313291,109,7958.87680073198
Linea_2,41.6570157948424,-3.69191824971404,110,7970.48576037992
Linea_2,41.6570668639701,-3.69192337619799,111,7976.17184354107
Linea_2,41.6570987821547,-3.69194046447822,112,7979.99058649211
Linea_2,41.6572030315414,-3.69208175862457,113,7996.49443991876
Linea_2,41.6572745281015,-3.69212618815303,114,8005.25216400262
Linea_2,41.6573696174213,-3.69216048614754,115,8016.18904727775
Linea_2,41.6577016080972,-3.69212465114546,116,8053.16946120061
Linea_2,41.6578532733726,-3.69192441634442,117,8076.86568722052
Linea_2,41.6584559821233,-3.69181807985743,118,8144.36568036379
Linea_2,41.6579191521684,-3.68394428143077,119,8802.66325402409
Linea_2,41.6590061375938,-3.68434222178703,120,8927.81332717962
Linea_2,41.6614798785496,-3.68601244943156,121,9235.66382335173
Linea_2,41.661744145186,-3.68622301906467,122,9269.84326148916
Linea_2,41.661857852153,-3.68634139805025,123,9285.85947768827
Linea_2,41.6619216434205,-3.6865138234507,124,9301.86731351442
Linea_2,41.6619020714748,-3.68670499064513,125,9317.93114684784
Linea_2,41.6618199111911,-3.68689367447783,126,9336.09696601668
Linea_2,41.6616883420248,-3.68693129583536,127,9351.03671361023
Linea_2,41.6615556835279,-3.68687774343795,128,9366.4254354947
Linea_2,41.6613724880112,-3.68695948130806,129,9387.87333927269
Linea_2,41.6603206807518,-3.68711585149418,130,9505.37557439132
Linea_2,41.6606523515081,-3.69157368359061,131,9878.35590968631
Linea_2,41.6611931465844,-3.69154501558793,132,9938.44608476393
Linea_2,41.6618196064898,-3.69135150657428,133,10009.8415389087
Linea_2,41.6620926768489,-3.69122966756555,134,10041.8117004524
Linea_2,41.6622055321115,-3.69129361261787,135,10055.4258109952
Linea_2,41.6627837939182,-3.69129361261787,136,10119.6283890993
Linea_2,41.6641598219662,-3.69114310560715,137,10272.9174673878
Linea_2,41.6639028228517,-3.68720125532391,138,10602.3350972621
Linea_2,41.6646442301416,-3.68729693599724,139,10685.0357266385
Linea_2,41.6651046808587,-3.68733993800021,140,10736.2833128911
Linea_2,41.6676852706058,-3.68878117410969,141,11046.9074693198
Linea_2,41.6688845205735,-3.68977022018041,142,11203.4583508358
Linea_2,41.6690880234912,-3.69012324109048,143,11240.5284330648
Linea_2,41.669184329575,-3.69037224822384,144,11263.8531699805
Linea_2,41.6692014549559,-3.69043055676551,145,11269.066378998
Linea_2,41.669495903683,-3.69026412344661,146,11304.5729919797
Linea_2,41.6697958928823,-3.69010792566516,147,11340.328140966
Linea_2,41.6699727326034,-3.69001191570572,148,11361.5266026448
Linea_2,41.6700590733268,-3.68994431996259,149,11372.6423280177
Linea_2,41.6701003215847,-3.68990101045185,150,11378.4709049507
Linea_2,41.6700946600605,-3.68977216465851,151,11389.2153833065
Linea_2,41.6699085908269,-3.68894093052617,152,11461.431506582
Linea_2,41.6698851133513,-3.68862120621787,153,11488.1751333677
Linea_2,41.6698584227077,-3.688047126638,154,11536.0577047672
Linea_2,41.6698414363169,-3.68743971848212,155,11586.6581863604
Linea_2,41.6698543762369,-3.68709649226972,156,11615.2670699868
Linea_2,41.6698779636666,-3.68680849201613,157,11639.3850209662
Linea_2,41.6699297263335,-3.68655513137105,158,11661.2456477371
Linea_2,41.6699456192456,-3.68645728452461,159,11669.5800919056
Linea_2,41.6699528983652,-3.68637499645436,160,11676.4778803901
Linea_2,41.6699577511107,-3.68624073697265,161,11687.6676302296
Linea_2,41.6699302521687,-3.68607739463442,162,11701.604023787
Linea_2,41.6699624857272,-3.68538182152025,163,11759.6192638655
Linea_2,41.6699727861114,-3.68483671265363,164,11805.0126272373
Linea_2,41.6699040426697,-3.68474142681433,165,11816.0205633588
Linea_2,41.6698652206623,-3.68456927151024,166,11830.9862232409
Linea_2,41.6697751712548,-3.6837082010268,167,11903.3622247314
Linea_2,41.6696878329055,-3.68340172632986,168,11930.6561919753
Linea_2,41.6693896288054,-3.68186869158652,169,12062.503044919
Linea_2,41.6693362481128,-3.68166513688743,170,12080.4551510897
Linea_2,41.669255584981,-3.68102182236061,171,12134.7536724421
Linea_2,41.668946337115,-3.67991971732553,172,12232.7164165391
Linea_2,41.6687633195658,-3.67920732470375,173,12295.4068108336
Linea_2,41.6704122548995,-3.67882747367668,174,12481.19371341
Linea_2,41.6702516611523,-3.67689238893757,175,12643.2674161881
Linea_2,41.6726553965647,-3.67748008298005,176,12914.593619749
Linea_2,41.6723784109749,-3.6794943290125,177,13085.0646758858
Linea_2_2,41.6723843824534,-3.67958061098204,1,0.0
Linea_2_2,41.6721784841328,-3.68106426865032,2,125.604141103705
Linea_2_2,41.6724021759564,-3.68114809564278,3,151.401654573037
Linea_2_2,41.6729869301548,-3.68152756564106,4,223.60201918956
Linea_2_2,41.6751532821837,-3.68327671358972,5,504.763423325191
Linea_2_2,41.6758893422894,-3.68183817638294,6,649.736767813719
Linea_2_2,41.6759666906891,-3.68173151377766,7,662.089041428051
Linea_2_2,41.6760076689792,-3.6816861919622,8,667.999375750666
Linea_2_2,41.6760504289061,-3.68166710909247,9,673.005570281081
Linea_2_2,41.6761056604364,-3.68167187981015,10,679.150604603694
Linea_2_2,41.676162673579,-3.68169334803821,11,685.728008704422
Linea_2_2,41.6762052474101,-3.68171972528893,12,690.939902222012
Linea_2_2,41.6774895952746,-3.68286233719741,13,862.345239308686
Linea_2_2,41.6775333214481,-3.68283246298452,14,867.799819345987
Linea_2_2,41.6776099311473,-3.68283246298452,15,876.305565565149
Linea_2_2,41.6776598164843,-3.68290163838736,16,884.294984808254
Linea_2_2,41.6776669429574,-3.68300897952966,17,893.264766534252
Linea_2_2,41.6776170576267,-3.68308054029185,18,901.398446403312
Linea_2_2,41.6775582641507,-3.68309962316158,19,908.116590469908
Linea_2_2,41.6775055776894,-3.68307581459689,20,914.292793095779
Linea_2_2,41.6763034140486,-3.68540870716811,21,1149.92681474635
Linea_2_2,41.6762230398663,-3.68555717465915,22,1165.17021409272
Linea_2_2,41.676219736045,-3.68569429677621,23,1176.59007716846
Linea_2_2,41.6761866978236,-3.68581814901205,24,1187.53260243311
Linea_2_2,41.6760776715736,-3.68585353536491,25,1199.99068726454
Linea_2_2,41.6759522224966,-3.68582547262719,26,1214.11344885231
Linea_2_2,41.6759254468595,-3.68575334998158,27,1220.81265628
Linea_2_2,41.6758697394399,-3.68573292843198,28,1227.22703060445
Linea_2_2,41.6746399959663,-3.68595077363582,29,1364.9606948192
Linea_2_2,41.6735954988818,-3.68577605012104,30,1481.8365617315
Linea_2_2,41.6718882254492,-3.68526519411202,31,1676.10162216678
Linea_2_2,41.6713303648841,-3.68508515695166,32,1739.82663860532
Linea_2_2,41.6712115956251,-3.68505702146888,33,1753.21961264673
Linea_2_2,41.6710492736509,-3.68505702155559,34,1771.2417214452
Linea_2_2,41.6708916975789,-3.68513835253654,35,1790.00128267684
Linea_2_2,41.6707509429907,-3.68523178045106,36,1807.45723734291
Linea_2_2,41.6706533556041,-3.68530698842821,37,1819.97087594339
Linea_2_2,41.6705581349174,-3.6854032865825,38,1833.23860908905
Linea_2_2,41.6703800854145,-3.68559997263318,39,1858.90720027509
Linea_2_2,41.6700447942639,-3.68617363890783,40,1919.45839092915
Linea_2_2,41.6699850497345,-3.68624687478118,41,1928.46781763667
Linea_2_2,41.6699655414541,-3.68644883826676,42,1945.41971586573
Linea_2_2,41.6698789490002,-3.68702259556832,43,1994.14159760232
Linea_2_2,41.6698549944213,-3.68734548650144,44,2021.15276708084
Linea_2_2,41.6698740547196,-3.68811103583204,45,2084.91808835183
Linea_2_2,41.6699046273208,-3.68868948428317,46,2133.19204363685
Linea_2_2,41.6699236049267,-3.68891672258013,47,2152.22607068547
Linea_2_2,41.6699900265033,-3.68925122864349,48,2181.0328330753
Linea_2_2,41.6700836513548,-3.68962512178419,49,2213.84837778715
Linea_2_2,41.6701036832166,-3.68971545253515,50,2221.69018238331
Linea_2_2,41.6701184435314,-3.6898862341121,51,2236.00143881445
Linea_2_2,41.6701110633742,-3.68992998806925,52,2239.73486895478
Linea_2_2,41.6695734589249,-3.69025270960998,53,2305.19096468472
Linea_2_2,41.6692248338552,-3.69045763286846,54,2347.49039436659
Linea_2_2,41.6692417030166,-3.69064394004258,55,2363.11286510602
Linea_2_2,41.6692210629508,-3.69106785028117,56,2398.47708847986
Linea_2_2,41.6690136989648,-3.69228221744396,57,2502.15999912989
Linea_2_2,41.6689394737042,-3.69241411044149,58,2515.8885565839
Linea_2_2,41.6687507488142,-3.69331066185808,59,2593.41106083601
Linea_2_2,41.6686295006934,-3.69376654986911,60,2633.68015201081
Linea_2_2,41.6687254448775,-3.69389781174166,61,2648.94064763922
Linea_2_2,41.6687492205306,-3.69400676971821,62,2658.38761206629
Linea_2_2,41.6687355142324,-3.69415638002582,63,2670.93516880487
Linea_2_2,41.6687059929652,-3.69427211630006,64,2681.11236653064
Linea_2_2,41.6686511677181,-3.6943455100355,65,2689.73700308095
Linea_2_2,41.6685852859675,-3.694394909598,66,2698.12846556187
Linea_2_2,41.6685209716101,-3.69438502967188,67,2705.31630910879
Linea_2_2,41.6684545485178,-3.69433563004137,68,2713.76022055085
Linea_2_2,41.6684113207541,-3.6942551792165,69,2721.99983049987
Linea_2_2,41.6683912883661,-3.69418178548105,70,2728.50205190376
Linea_2_2,41.668379690665,-3.69410274607338,71,2735.20686267955
Linea_2_2,41.6683164299892,-3.69405052402959,72,2743.46713088029
Linea_2_2,41.6682542240407,-3.69402652992349,73,2750.6567274108
Linea_2_2,41.6650636502746,-3.69441382895474,74,3106.36080226949
Linea_2_2,41.6632061116725,-3.69393053753211,75,3316.48594542502
Linea_2_2,41.6629744843244,-3.69407204713684,76,3344.77309484835
Linea_2_2,41.6629158403144,-3.69440896270595,77,3373.56931396565
Linea_2_2,41.6632203713056,-3.6954280515674,78,3464.90384430452
Linea_2_2,41.66377529144,-3.69750272837678,79,3648.29223298411
Linea_2_2,41.6641001507419,-3.69939684442724,80,3810.05981819159
Linea_2_2,41.6645301411077,-3.70348399333477,81,4153.66787655208
Linea_2_2,41.6645769953662,-3.70359270639736,82,4164.10722408499
Linea_2_2,41.6646488384971,-3.70373486963288,83,4178.37991901068
Linea_2_2,41.6646113551347,-3.70387285159745,84,4190.59814692082
Linea_2_2,41.6645868852302,-3.70396921986674,85,4199.0687605335
Linea_2_2,41.664666367385,-3.70467140943177,86,4258.19155214644
Linea_2_2,41.6656854386672,-3.71430800492175,87,5068.41493343601
Linea_2_2,41.6658204483182,-3.71496259278922,88,5124.93543454581
Linea_2_2,41.6658360619646,-3.7150964032252,89,5136.2096464502
Linea_2_2,41.6658922859302,-3.71547689894331,90,5168.49630086045
Linea_2_2,41.6659047801382,-3.7155856120059,91,5177.65268586831
Linea_2_2,41.6659766217876,-3.71561488090791,92,5185.99296433539
Linea_2_2,41.6660297262161,-3.71576121567117,93,5199.52750485095
Linea_2_2,41.6660203555786,-3.71590337890672,94,5211.40864547155
Linea_2_2,41.6659610081751,-3.71600372942646,95,5222.04887714433
Linea_2_2,41.6658704251913,-3.71601627324111,96,5232.16012879195
Linea_2_2,41.665776718522,-3.71597027925265,97,5243.24639927455
Linea_2_2,41.6657267415762,-3.71584902237544,98,5254.76589600639
Linea_2_2,41.6657361122563,-3.71569431532524,99,5267.68771612461
Linea_2_2,41.6657673478478,-3.71556469590436,100,5279.02252237175
Linea_2_2,41.6656798881536,-3.71492914261626,101,5332.81806560828
Linea_2_2,41.6654643606599,-3.71317208859145,102,5481.0432216305
Linea_2_2,41.6644897948249,-3.70398281038578,103,6253.70286091808
Linea_2_2,41.6643629248055,-3.70378364239036,104,6275.4598869789
Linea_2_2,41.6644366287363,-3.70358632281332,105,6293.81299840212
Linea_2_2,41.6642187929232,-3.70146291116291,106,6472.24425684215
Linea_2_2,41.664087455292,-3.70017898470766,107,6580.12778082884
Linea_2_2,41.6638884575732,-3.69869672167115,108,6705.49632931619
Linea_2_2,41.6636337406179,-3.69738615773741,109,6818.2135629878
Linea_2_2,41.6626404126247,-3.69389974974635,110,7128.72487925877
Linea_2_2,41.6610646225738,-3.69406314167708,111,7304.20798028481
Linea_2_2,41.661021206295,-3.69358531686061,112,7344.28220879309
Linea_2_2,41.6600895729564,-3.69370577439375,113,7448.20358842656
Linea_2_2,41.6600485680726,-3.69323763521393,114,7487.44599522666
Linea_2_2,41.6576007759928,-3.69354712570174,115,7760.43543735721
Linea_2_2,41.6574777565091,-3.69356649697772,116,7774.18879816317
Linea_2_2,41.6573595610978,-3.69362783935259,117,7788.27058967471
Linea_2_2,41.6571989444589,-3.69339696933335,118,7814.49150091875
Linea_2_2,41.6569101064132,-3.69249139029276,119,7896.42999363409
Linea_2_2,41.6568473899547,-3.69237516263553,120,7908.3523572126
Linea_2_2,41.6568256803972,-3.69224602079208,121,7919.37212393114
Linea_2_2,41.6568232682241,-3.69209427912713,122,7932.00965735373
Linea_2_2,41.6568811603632,-3.69197805146854,123,7943.62733081675
Linea_2_2,41.6569969444858,-3.69192316618617,124,7957.27061638209
Linea_2_2,41.6571151405626,-3.69195545164703,125,7970.66605229869
Linea_2_2,41.6572429850549,-3.69210073621954,126,7989.31574622123
Linea_2_2,41.657366004987,-3.69217176423237,127,8004.19966056896
Linea_2_2,41.6577205905356,-3.69213625022598,128,8043.67903887683
Linea_2_2,41.6578580823655,-3.69191348054815,129,8067.70145570765
Linea_2_2,41.6584510271026,-3.69183244756036,130,8133.87902823098
Linea_2_2,41.6584051969469,-3.69107696778232,131,8196.98758505435
Linea_2_2,41.6579251873856,-3.68408065370181,132,8781.95260582066
Linea_2_2,41.6576325629667,-3.68395374627161,133,8816.11688149891
Linea_2_2,41.6575963808076,-3.68388917534989,134,8822.82831879904
Linea_2_2,41.6576036172408,-3.68381814733704,135,8828.79667969693
Linea_2_2,41.6587519155343,-3.68426295518267,136,8961.55886015668
Linea_2_2,41.659262784459,-3.68448177967383,137,9021.13338670883
Linea_2_2,41.660257786199,-3.6851325501834,138,9144.17756354748
Linea_2_2,41.6609981555849,-3.68578479507684,139,9242.69694686855
Linea_2_2,41.6616695234486,-3.68610330307493,140,9321.81339878367
Linea_2_2,41.6618734819195,-3.68638768521564,141,9354.57610132261
Linea_2_2,41.6619074749351,-3.6866834426425,142,9379.48780319414
Linea_2_2,41.661839488886,-3.68685407192714,143,9395.57487223497
Linea_2_2,41.6616525268798,-3.6869336989258,144,9417.36563200659
Linea_2_2,41.6614533330342,-3.68693260905931,145,9439.48166541111
Linea_2_2,41.6610485815617,-3.68702215818621,146,9485.03420454599
Linea_2_2,41.6603126429052,-3.68710275332879,147,9567.01815569902
Linea_2_2,41.6606412357509,-3.69158620321096,148,9942.08772106533
Linea_2_2,41.661453263767,-3.69146492405764,149,10032.8083050704
Linea_2_2,41.661824562468,-3.69135746510531,150,10074.9921135276
Linea_2_2,41.6619694105473,-3.69128263238178,151,10092.2388400404
Linea_2_2,41.6620965210363,-3.69127815492519,152,10106.3564367964
Linea_2_2,41.6625313708126,-3.69132292948913,153,10154.7801325701
Linea_2_2,41.6641565355861,-3.69113620799055,154,10335.8854975253
Linea_2_2,41.6639056674052,-3.68732589262774,155,10654.3344775245
Linea_2_2,41.6639391165527,-3.68720947876227,156,10664.7136991664
Linea_2_2,41.6646381997527,-3.68729455043351,157,10742.6531600492
Linea_2_2,41.6648188313356,-3.68730352465309,158,10762.7220237834
Linea_2_2,41.6650529716808,-3.68733038939158,159,10788.8139213553
Linea_2_2,41.666577511798,-3.68815281985127,160,10971.4028148899
Linea_2_2,41.6676444867519,-3.68875279900391,161,11099.9654950418
Linea_2_2,41.6688671729384,-3.68977947505974,162,11260.3823499191
Linea_2_2,41.6690255883539,-3.69000648670644,163,11286.1990691339
Linea_2_2,41.6691961652578,-3.69040050286662,164,11324.0751605744
Linea_2_2,41.6692091068012,-3.69044135748766,165,11327.7673097216
Linea_2_2,41.6692523474275,-3.69041048491445,166,11333.2128393272
Linea_2_2,41.6700722486926,-3.68993395020547,167,11432.5124903172
Linea_2_2,41.670096270944,-3.68990565034628,168,11436.0711042894
Linea_2_2,41.670102997173,-3.68987091870258,169,11439.0573096209
Linea_2_2,41.6700972318341,-3.68982332348577,170,11443.0708600879
Linea_2_2,41.6700933882744,-3.68973713755375,171,11450.2582935182
Linea_2_2,41.670066483351,-3.68962651083405,172,11459.9400298515
Linea_2_2,41.6699607853276,-3.68919944024444,173,11497.3793427556
Linea_2_2,41.6699040938121,-3.68891760423256,174,11521.6711404369
Linea_2_2,41.6698791105956,-3.68860630579064,175,11547.7340271312
Linea_2_2,41.6698464417179,-3.68780876283827,176,11614.2266252211
Linea_2_2,41.669839552512,-3.68732057411418,177,11654.8744076552
Linea_2_2,41.6698751054274,-3.68680262848747,178,11698.1724816861
Linea_2_2,41.6699490941611,-3.6863704124678,179,11735.0792602371
Linea_2_2,41.6699644684325,-3.68624692217705,180,11745.5002725157
Linea_2_2,41.6699913733986,-3.68620961781832,181,11749.8092532095
Linea_2_2,41.6700332108018,-3.68616312918024,182,11755.8552535516
Linea_2_2,41.670255566739,-3.68577678979022,183,11796.3996455069
Linea_2_2,41.6703963308777,-3.6855470600365,184,11821.0976854959
Linea_2_2,41.6705847569373,-3.68535132245651,185,11847.6151038273
Linea_2_2,41.6706415282526,-3.68528904370308,186,11855.776516518
Linea_2_2,41.6706635183664,-3.68527684384017,187,11858.4208185725
Linea_2_2,41.6707082399489,-3.68524059838748,188,11864.2310128548
Linea_2_2,41.670803406098,-3.68517293877815,189,11876.2045107873
Linea_2_2,41.6708886512327,-3.68511815006295,190,11886.7106622052
Linea_2_2,41.6710466101767,-3.68504074067718,191,11905.394782894
Linea_2_2,41.6711396251905,-3.68503714176143,192,11915.7262980513
Linea_2_2,41.6712566287082,-3.68504941882941,193,11928.756979294
Linea_2_2,41.6713394279371,-3.68507317167186,194,11938.1601714855
Linea_2_2,41.6735885387136,-3.68575300426008,195,12194.2045294462
Linea_2_2,41.6746378048916,-3.68593549485453,196,12311.6876468708
Linea_2_2,41.6758315332155,-3.6857120875068,197,12445.522048269
Linea_2_2,41.6758690762558,-3.68568675797204,198,12450.1932503632
Linea_2_2,41.6758949404212,-3.68566189695545,199,12453.732846673
Linea_2_2,41.6759141727426,-3.68563881172551,200,12456.6054983661
Linea_2_2,41.6759407000732,-3.6855713318223,201,12462.9478456134
Linea_2_2,41.6759785014999,-3.68551894610806,202,12469.0000569147
Linea_2_2,41.6760470012517,-3.68549154637759,203,12476.9400030453
Linea_2_2,41.6761206144149,-3.68548888269726,204,12485.116060211
Linea_2_2,41.67630119115,-3.68538831842761,205,12506.8423235544
Linea_2_2,41.6774922935731,-3.6830715847785,206,12740.6724000107
Linea_2_2,41.6774697458862,-3.68301298380996,207,12746.1551104604
Linea_2_2,41.6774637773798,-3.68295349494841,208,12751.150977837
Linea_2_2,41.6774670964225,-3.68293380547644,209,12752.8308043152
Linea_2_2,41.6774812133504,-3.68288360048689,210,12757.294017509
Linea_2_2,41.6774432740993,-3.6828398926128,211,12762.8599354605
Linea_2_2,41.6761508436248,-3.68169657284793,212,12935.0451554847
Linea_2_2,41.6760952570544,-3.68167885344013,213,12941.3905669282
Linea_2_2,41.676054670004,-3.68168062538092,214,12945.89923742
Linea_2_2,41.6760048184833,-3.68170188867035,215,12951.7102125225
Linea_2_2,41.6758826155475,-3.68188971370296,216,12972.4110290635
Linea_2_2,41.6751539673867,-3.68328835772238,217,13114.1826699121
Linea_2_2,41.6733469991146,-3.68181878864843,218,13349.1589241192
Linea_2_2,41.6729776363482,-3.6815341931771,219,13396.5192835483
Linea_2_2,41.672404799615,-3.68116352161778,220,13467.2094511869
Linea_2_2,41.6721484631764,-3.6810851592968,221,13496.4076992372
Linea_2_2,41.672552879596,-3.67830739085301,222,13731.9604509265
Linea_2_2,41.6736359206668,-3.67258220156975,223,14223.4802345088
Linea_2_2,41.6729558371725,-3.67237015469271,224,14301.0234800733
Linea_2_2,41.6721269832283,-3.67212532919723,225,14395.2782069306
Linea_2_2,41.6720905731259,-3.67211923616549,226,14399.3523987839
Linea_2_2,41.6720238212177,-3.67214970132426,227,14407.1855478193
Linea_2_2,41.6718878508135,-3.67303645008687,228,14482.5306596848
Linea_2_2,41.6708388941486,-3.67265346433001,229,14603.2779733271
Linea_2_2,41.6708152533137,-3.67327094225115,230,14654.7476861519
Linea_2_2,41.6707627041483,-3.67367628697997,231,14688.9918271409
Linea_2_2,41.6706475963028,-3.67423572970557,232,14737.285156416
Linea_2_2,41.6705211739702,-3.67451692954506,233,14764.5797503995
Linea_2_2,41.6702102771322,-3.67689612461956,234,14965.6257538669
Linea_2_2,41.6719039506705,-3.67731232845861,235,15156.8342108059
Linea_2_2,41.672595998031,-3.67747420534695,236,15234.8427397062
Linea_2_2,41.6725059676164,-3.67838468823101,237,15311.2913786989
Linea_2_2,41.6723079906088,-3.67968763028591,238,15421.9587625207
Linea_2_3,41.6723650019827,-3.67959718566479,1,0.0
Linea_2_3,41.6721591793628,-3.68108806285343,2,126.193650698752
Linea_2_3,41.672402582593,-3.6811505562618,3,153.714119763011
Linea_2_3,41.6734753205646,-3.68191081242804,4,288.586848244337
Linea_2_3,41.6751482415467,-3.68327961423574,5,506.490016762029
Linea_2_3,41.6760075320992,-3.68167783484307,6,670.439908274915
Linea_2_3,41.6761291712112,-3.68167783484307,7,683.945130440693
Linea_2_3,41.6774818506588,-3.68285141209847,8,863.104180552658
Linea_2_3,41.6775965363437,-3.68281884106898,9,876.122816750737
Linea_2_3,41.6776483763429,-3.6828760143398,10,883.591094018488
Linea_2_3,41.6776799439868,-3.68296773720496,11,891.991930160596
Linea_2_3,41.6776417154969,-3.68308871531599,12,902.919797035093
Linea_2_3,41.6775166039185,-3.68309336832053,13,916.815960964278
Linea_2_3,41.6762168300272,-3.68558736178753,14,1169.64339611342
Linea_2_3,41.6762222881981,-3.68568971471731,15,1178.1847235849
Linea_2_3,41.6761820760656,-3.68582466500507,16,1190.27263306221
Linea_2_3,41.6760890961565,-3.68586060749718,17,1201.02071474204
Linea_2_3,41.6759735519033,-3.68586654204259,18,1213.85875691374
Linea_2_3,41.6758970928744,-3.68573160491908,19,1227.93797780651
Linea_2_3,41.6746205776611,-3.68595029709195,20,1370.82996611358
Linea_2_3,41.6733088842259,-3.68570834082644,21,1517.84948107321
Linea_2_3,41.6714147631972,-3.68510811134493,22,1734.00226613416
Linea_2_3,41.6710602454631,-3.68504296928498,23,1773.73507591374
Linea_2_3,41.6706918244365,-3.68524304687563,24,1817.90071480614
Linea_2_3,41.6702921184404,-3.68572695931965,25,1877.83595460553
Linea_2_3,41.6699688761242,-3.68623413678424,26,1933.24910789516
Linea_2_3,41.6699674566007,-3.68638365835682,27,1945.6974057126
Linea_2_3,41.6698884779606,-3.68681715391861,28,1982.83492584906
Linea_2_3,41.669853568201,-3.68743647026889,29,2034.53704518512
Linea_2_3,41.6699293475714,-3.68893172794401,30,2159.29773104821
Linea_2_3,41.6701110916698,-3.68981997634731,31,2235.94596877402
Linea_2_3,41.6701143456358,-3.68992045889362,32,2244.3186744315
Linea_2_3,41.6700366780556,-3.68999588603833,33,2254.98576339001
Linea_2_3,41.6692861325398,-3.69041214841587,34,2345.23458412431
Linea_2_3,41.6692198957555,-3.69052061582116,35,2356.88012618024
Linea_2_3,41.6692272065912,-3.69080199173627,36,2380.31831457396
Linea_2_3,41.6691644120294,-3.6913540880162,37,2426.80531372931
Linea_2_3,41.6689962088248,-3.69229299371858,38,2507.16802937047
Linea_2_3,41.6689144228378,-3.69254214704975,39,2529.81034006567
Linea_2_3,41.6686352138185,-3.6937728742152,40,2636.85431210986
Linea_2_3,41.6687429636692,-3.6939543413817,41,2656.12445278793
Linea_2_3,41.6687221088738,-3.69415907356876,42,2673.32480177282
Linea_2_3,41.6686317380137,-3.6943684587612,43,2693.43745094139
Linea_2_3,41.6684822782358,-3.6943684587612,44,2710.03152047937
Linea_2_3,41.6683780037668,-3.69410323751774,45,2734.96222943328
Linea_2_3,41.6650705660596,-3.69441307759817,46,3103.08181900948
Linea_2_3,41.6639200007681,-3.69413389734214,47,3232.92285834028
Linea_2_3,41.663281654086,-3.69394337682868,48,3305.54981666153
Linea_2_3,41.6631182774801,-3.69394337682868,49,3323.68901200633
Linea_2_3,41.6629479482365,-3.69412484399521,50,3347.8942215779
Linea_2_3,41.6628819020818,-3.69432957618326,51,3366.44993345187
Linea_2_3,41.6630649734308,-3.69492811049798,52,3420.26779367496
Linea_2_3,41.6632506328391,-3.69552350101445,53,3473.95293475588
Linea_2_3,41.6638051027693,-3.69757353973785,54,3655.3935534882
Linea_2_3,41.663959639531,-3.69825562074567,55,3714.7159698426
Linea_2_3,41.6640598793946,-3.69907188162333,56,3783.5793104787
Linea_2_3,41.6642152081561,-3.70033143948621,57,3889.85262795207
Linea_2_3,41.6643069708522,-3.70123199431759,58,3965.51737947225
Linea_2_3,41.664417939694,-3.70236942494584,59,4061.01216696357
Linea_2_3,41.6645428020778,-3.70356463095925,60,4161.47980154643
Linea_2_3,41.6646127114693,-3.70361723377965,61,4170.39189673747
Linea_2_3,41.6646505587785,-3.70369956808369,62,4178.43207315253
Linea_2_3,41.6646289456637,-3.70384178850099,63,4190.51328428264
Linea_2_3,41.664577562323,-3.70392756529225,64,4199.65356293654
Linea_2_3,41.6647081658956,-3.70509242960184,65,4297.71189949724
Linea_2_3,41.6648020626079,-3.705922561899,66,4367.60593872723
Linea_2_3,41.665019732259,-3.70783677441972,67,4528.79425885235
Linea_2_3,41.665121098028,-3.7087351952349,68,4604.43338157957
Linea_2_3,41.6651957885945,-3.70941167836653,69,4661.36051255991
Linea_2_3,41.6652790152259,-3.71014577993523,70,4723.17188736545
Linea_2_3,41.6653398346872,-3.71087774748774,71,4784.48392428134
Linea_2_3,41.6654251953348,-3.71151688533608,72,4838.53191599346
Linea_2_3,41.6654657416423,-3.71196396172748,73,4876.02388283417
Linea_2_3,41.6655244270875,-3.71248252766118,74,4919.68524439318
Linea_2_3,41.6655852465489,-3.71306298006434,75,4968.47942536783
Linea_2_3,41.6656492670345,-3.71364983451607,76,5017.85139509285
Linea_2_3,41.6656791432612,-3.71397207096047,77,5044.88294782008
Linea_2_3,41.6657154215363,-3.71430070945343,78,5072.53808194428
Linea_2_3,41.6657645039087,-3.71459947171977,79,5098.00098449027
Linea_2_3,41.6658102234994,-3.71488918284317,80,5122.64872736444
Linea_2_3,41.6658426912957,-3.7150799336448,81,5138.93332785645
Linea_2_3,41.6658646434182,-3.71527462624334,82,5155.32431251211
Linea_2_3,41.6658882768476,-3.71540186180649,83,5166.23721961783
Linea_2_3,41.6659028789028,-3.71555380649934,84,5178.99054607783
Linea_2_3,41.6659689547125,-3.71562321118225,85,5188.32901666305
Linea_2_3,41.665994977657,-3.71565367571668,86,5192.17354821391
Linea_2_3,41.6660419168354,-3.7156980496319,87,5198.56162680153
Linea_2_3,41.6660397919969,-3.71580732488222,88,5207.66216366869
Linea_2_3,41.6660163178189,-3.71586707733549,89,5213.27811862257
Linea_2_3,41.6660035137217,-3.71592042774019,90,5217.94165371769
Linea_2_3,41.6659480293009,-3.71597804617727,91,5225.74930190923
Linea_2_3,41.6658690707019,-3.71601005642009,92,5234.91196733009
Linea_2_3,41.6658071842324,-3.71597804617727,93,5242.28175424585
Linea_2_3,41.6657380728182,-3.71592986117832,94,5250.94035281185
Linea_2_3,41.6657239576011,-3.71587134536787,95,5256.0578559434
Linea_2_3,41.6657134809191,-3.71580644047353,96,5261.58518219162
Linea_2_3,41.6657410297306,-3.71572409825089,97,5269.09184843338
Linea_2_3,41.665760005382,-3.71564704908528,98,5275.84356451307
Linea_2_3,41.6657655252314,-3.71559849276835,99,5279.93222625867
Linea_2_3,41.6657568887493,-3.71553984748687,100,5284.90790501572
Linea_2_3,41.6657388957144,-3.71537625361223,101,5298.67335742347
Linea_2_3,41.6657339832289,-3.71519843094094,102,5313.48771831033
Linea_2_3,41.6656812772773,-3.71488756390516,103,5340.02174167059
Linea_2_3,41.6656343289212,-3.71458453360645,104,5365.78289861835
Linea_2_3,41.6655937826136,-3.71426016314586,105,5393.1604959625
Linea_2_3,41.6655724424517,-3.71397633899285,106,5416.90832566947
Linea_2_3,41.6655404322089,-3.71372025705027,107,5438.52223554237
Linea_2_3,41.6654892158204,-3.7132507734889,108,5478.01987323945
Linea_2_3,41.6654465354966,-3.71272153747425,109,5522.33475400601
Linea_2_3,41.6653611748491,-3.7119426215656,110,5587.87124246491
Linea_2_3,41.6652544740397,-3.71095243805433,111,5671.1546310819
Linea_2_3,41.6651712474084,-3.71028022295508,112,5727.87687363869
Linea_2_3,41.6651157629875,-3.70967629637385,113,5778.53213572935
Linea_2_3,41.6650410724209,-3.70903395750123,114,5832.64859671551
Linea_2_3,41.6649279695629,-3.70798615555288,115,5920.78167074312
Linea_2_3,41.6648020626078,-3.70681031263325,116,6019.66871072544
Linea_2_3,41.664712433928,-3.70605700491885,117,6083.16949109604
Linea_2_3,41.664633475329,-3.70529516113971,118,6147.19940620667
Linea_2_3,41.6645609187786,-3.70461654399189,119,6204.26884360763
Linea_2_3,41.6644881562732,-3.70395380294386,120,6260.03343383482
Linea_2_3,41.664401615337,-3.70386707625664,121,6272.05239456951
Linea_2_3,41.6643693099857,-3.70376502087484,122,6281.27504422067
Linea_2_3,41.6644197063267,-3.70361626218232,123,6294.86523965987
Linea_2_3,41.6644455505892,-3.70355918035992,124,6300.41665668102
Linea_2_3,41.6643304450303,-3.70248252780381,125,6390.95968064118
Linea_2_3,41.6642152081561,-3.70140271561263,126,6481.76533363323
Linea_2_3,41.6641149093953,-3.70049362471651,127,6558.26665653423
Linea_2_3,41.6639993071326,-3.69939148077742,128,6650.91925436344
Linea_2_3,41.6638438893394,-3.69821022739525,129,6750.76735571309
Linea_2_3,41.6632869111143,-3.69600365465677,130,6944.60633784023
Linea_2_3,41.6630500353174,-3.69523754284525,131,7013.59928897285
Linea_2_3,41.6629326644271,-3.69485982197996,132,7047.64009672572
Linea_2_3,41.6628238296015,-3.69448210111466,133,7081.32952705884
Linea_2_3,41.6626313118432,-3.69389212027366,134,7134.89863167107
Linea_2_3,41.6610637970258,-3.69406690634747,135,7309.54222660334
Linea_2_3,41.6610423788073,-3.69357238380405,136,7350.78433208634
Linea_2_3,41.6600785801801,-3.69368705581269,137,7458.21692455424
Linea_2_3,41.6600196804087,-3.69322836949658,138,7496.96315634955
Linea_2_3,41.6575239101267,-3.69354893895567,139,7775.34306369112
Linea_2_3,41.6573414994348,-3.69361993877229,140,7796.44071375921
Linea_2_3,41.6571822025747,-3.69336454223441,141,7824.09964216453
Linea_2_3,41.6568234354891,-3.69230382615808,142,7920.98632190623
Linea_2_3,41.6568142816887,-3.69214904140154,143,7933.91440974974
Linea_2_3,41.6568436465342,-3.69205334703227,144,7942.52356640351
Linea_2_3,41.6569144661327,-3.69195264313291,145,7954.01851442734
Linea_2_3,41.6570668639701,-3.69192337619799,146,7971.11333168201
Linea_2_3,41.6572030315414,-3.69208175862457,147,7991.17506821797
Linea_2_3,41.6573696174213,-3.69216048614754,148,8010.79784133117
Linea_2_3,41.6577016080972,-3.69212465114546,149,8047.77825525403
Linea_2_3,41.6578532733726,-3.69192441634442,150,8071.47448127393
Linea_2_3,41.6584559821233,-3.69181807985743,151,8138.9744744172
Linea_2_3,41.6582698390561,-3.68956959584969,152,8327.32617157775
Linea_2_3,41.6581089943419,-3.68737433532092,153,8510.97982413338
Linea_2_3,41.6581006623569,-3.68722544380952,154,8523.41141667396
Linea_2_3,41.6590210127543,-3.68711974526576,155,8625.97317500195
Linea_2_3,41.6599797166938,-3.68700010282697,156,8732.88004965561
Linea_2_3,41.6603135902368,-3.68696051780529,157,8770.09517004963
Linea_2_3,41.6603206807518,-3.68711585149418,158,8783.05218422876
Linea_2_3,41.6606523515081,-3.69157368359061,159,9156.03251952375
Linea_2_3,41.6611931465844,-3.69154501558793,160,9216.12269460137
Linea_2_3,41.6618196064898,-3.69135150657428,161,9287.51814874613
Linea_2_3,41.6620926768489,-3.69122966756555,162,9319.48831028988
Linea_2_3,41.6622055321115,-3.69129361261787,163,9333.10242083261
Linea_2_3,41.6627837939182,-3.69129361261787,164,9397.30499893678
Linea_2_3,41.6641598219662,-3.69114310560715,165,9550.59407722524
Linea_2_3,41.6639028228517,-3.68720125532391,166,9880.01170709949
Linea_2_3,41.6651046808587,-3.68733993800021,167,10013.9487655383
Linea_2_3,41.6676852706058,-3.68878117410969,168,10324.572921967
Linea_2_3,41.6688845205735,-3.68977022018041,169,10481.123803483
Linea_2_3,41.669184329575,-3.69037224822384,170,10541.2889008416
Linea_2_3,41.6692014549559,-3.69043055676551,171,10546.5021098591
Linea_2_3,41.6699727326034,-3.69001191570572,172,10638.9550154684
Linea_2_3,41.6700590733268,-3.68994431996259,173,10650.0707408412
Linea_2_3,41.6701003215847,-3.68990101045185,174,10655.8993177743
Linea_2_3,41.6700946600605,-3.68977216465851,175,10666.6437961301
Linea_2_3,41.6699085908269,-3.68894093052617,176,10738.8599194056
Linea_2_3,41.6698414363169,-3.68743971848212,177,10864.0545233994
Linea_2_3,41.6698543762369,-3.68709649226972,178,10892.6634070257
Linea_2_3,41.6698779636666,-3.68680849201613,179,10916.7813580052
Linea_2_3,41.6699297263335,-3.68655513137105,180,10938.6419847761
Linea_2_3,41.6699456192456,-3.68645728452461,181,10946.9764289446
Linea_2_3,41.6699528983652,-3.68637499645436,182,10953.8742174291
Linea_2_3,41.6699577511107,-3.68624073697265,183,10965.0639672686
Linea_2_3,41.6699302521687,-3.68607739463442,184,10979.000360826
Linea_2_3,41.6699727861114,-3.68483671265363,185,11082.3919792797
Linea_2_3,41.6699040426697,-3.68474142681433,186,11093.3999154012
Linea_2_3,41.6698367997045,-3.68420037222833,187,11139.05597223
Linea_2_3,41.6697751712548,-3.6837082010268,188,11180.5955140252
Linea_2_3,41.6696263645093,-3.68310289070763,189,11233.6256154075
Linea_2_3,41.6693362481128,-3.68166513688743,190,11357.5743733324
Linea_2_3,41.669255584981,-3.68102182236061,191,11411.8728946847
Linea_2_3,41.6687633195658,-3.67920732470375,192,11572.5110366023
Linea_2_3,41.6704122548995,-3.67882747367668,193,11758.2979391788
Linea_2_3,41.6702516611523,-3.67689238893757,194,11920.3716419568
Linea_2_3,41.6726553965647,-3.67748008298005,195,12191.6978455177
Linea_2_3,41.6723939959576,-3.67940932491413,196,12354.8972816101
Linea_2_4,41.6723650019827,-3.67959718566479,1,0.0
Linea_2_4,41.6721591793628,-3.68108806285343,2,126.193650698752
Linea_2_4,41.672402582593,-3.6811505562618,3,153.714119763011
Linea_2_4,41.6734753205646,-3.68191081242804,4,288.586848244337
Linea_2_4,41.6751482415467,-3.68327961423574,5,506.490016762029
Linea_2_4,41.6758224758775,-3.6819721200371,6,638.585025720922
Linea_2_4,41.6760075320992,-3.68167783484307,7,670.557101636495
Linea_2_4,41.6761291712112,-3.68167783484307,8,684.062323802272
Linea_2_4,41.6774818506588,-3.68285141209847,9,863.221373914238
Linea_2_4,41.6775965363437,-3.68281884106898,10,876.240010112317
Linea_2_4,41.6776483763429,-3.6828760143398,11,883.708287380067
Linea_2_4,41.6776799439868,-3.68296773720496,12,892.109123522176
Linea_2_4,41.6776417154969,-3.68308871531599,13,903.036990396673
Linea_2_4,41.6775166039185,-3.68309336832053,14,916.933154325858
Linea_2_4,41.6762168300272,-3.68558736178753,15,1169.760589475
Linea_2_4,41.6762222881981,-3.68568971471731,16,1178.30191694647
Linea_2_4,41.6761820760656,-3.68582466500507,17,1190.38982642379
Linea_2_4,41.6760890961565,-3.68586060749718,18,1201.13790810362
Linea_2_4,41.6759735519033,-3.68586654204259,19,1213.97595027532
Linea_2_4,41.6758970928744,-3.68573160491908,20,1228.05517116808
Linea_2_4,41.6746205776611,-3.68595029709195,21,1370.94715947516
Linea_2_4,41.6733088842259,-3.68570834082644,22,1517.96667443479
Linea_2_4,41.6714147631972,-3.68510811134493,23,1734.11945949574
Linea_2_4,41.6710602454631,-3.68504296928498,24,1773.85226927532
Linea_2_4,41.6706918244365,-3.68524304687563,25,1818.01790816772
Linea_2_4,41.6702921184404,-3.68572695931965,26,1877.95314796711
Linea_2_4,41.6700213326999,-3.68625920323792,27,1931.49808689504
Linea_2_4,41.6699674566007,-3.68638365835682,28,1943.4614572427
Linea_2_4,41.6699450933655,-3.68655296589591,29,1957.77292155688
Linea_2_4,41.6698713608713,-3.68702936252842,30,1998.26788304426
Linea_2_4,41.669853568201,-3.68743647026889,31,2032.21617715905
Linea_2_4,41.6699555007182,-3.6891314923715,32,2173.77584969694
Linea_2_4,41.6700865721681,-3.68967363552221,33,2221.1960599094
Linea_2_4,41.6701110916698,-3.68981997634731,34,2233.67901407999
Linea_2_4,41.6701143456358,-3.68992045889362,35,2242.05171973746
Linea_2_4,41.6692861325398,-3.69041214841587,36,2342.70445560481
Linea_2_4,41.6692228485075,-3.69045371790321,37,2350.53667646686
Linea_2_4,41.6692228485075,-3.69052354518237,38,2356.34969417834
Linea_2_4,41.6692397654747,-3.69081040319128,39,2380.30394588816
Linea_2_4,41.6691029599475,-3.69184474432677,40,2467.74078723014
Linea_2_4,41.6688048355009,-3.69313098766739,41,2579.81829819247
Linea_2_4,41.6686496488987,-3.69377622135266,42,2636.22920234908
Linea_2_4,41.6687429636692,-3.6939543413817,43,2654.31840413283
Linea_2_4,41.6687221088738,-3.69415907356876,44,2671.51875311772
Linea_2_4,41.6686317380137,-3.6943684587612,45,2691.63140228629
Linea_2_4,41.6684822782358,-3.6943684587612,46,2708.22547182427
Linea_2_4,41.6683780037668,-3.69410323751774,47,2733.15618077818
Linea_2_4,41.6682308583899,-3.694015289182,48,2751.05891836267
Linea_2_4,41.6666469196024,-3.69421054755474,49,2927.66851651303
Linea_2_4,41.6650250672995,-3.69441541310879,50,3108.54374113262
Linea_2_4,41.6640519559177,-3.69414225903672,51,3218.95273230818
Linea_2_4,41.663281654086,-3.69394337682868,52,3306.06508576681
Linea_2_4,41.6631182774801,-3.69394337682868,53,3324.20428111161
Linea_2_4,41.6629479482365,-3.69412484399521,54,3348.40949068318
Linea_2_4,41.6628819020818,-3.69432957618326,55,3366.96520255715
Linea_2_4,41.6631727412482,-3.69529462777829,56,3453.55807095941
Linea_2_4,41.6634373592555,-3.69629334735431,57,3541.74550150389
Linea_2_4,41.6637105133276,-3.69727499480083,58,3628.91891949811
Linea_2_4,41.663959639531,-3.69825562074567,59,3715.1196386431
Linea_2_4,41.6640861001767,-3.69930657821189,60,3803.73678451053
Linea_2_4,41.6642091058033,-3.70034947656083,61,3891.63093132596
Linea_2_4,41.664384862443,-3.70189300583185,62,4021.61055605066
Linea_2_4,41.6644659550582,-3.70271673608046,63,4090.77855454169
Linea_2_4,41.6645428020778,-3.70356463095925,64,4161.88356117219
Linea_2_4,41.6646505587785,-3.70369956808369,65,4178.29517082883
Linea_2_4,41.6646487874506,-3.70377900976246,66,4184.91197486642
Linea_2_4,41.664577562323,-3.70392756529225,67,4199.5919209295
Linea_2_4,41.6647177689684,-3.70521780305289,68,4308.13217360084
Linea_2_4,41.6648458099396,-3.7064171201506,69,4408.98752452375
Linea_2_4,41.6649951910728,-3.70760363315118,70,4509.15239679814
Linea_2_4,41.6651125619631,-3.70881148631363,71,4610.5519338363
Linea_2_4,41.6652555410478,-3.71015591651213,72,4723.60112405418
Linea_2_4,41.6654325657973,-3.71183461307669,73,4864.73413478095
Linea_2_4,41.6654902828285,-3.71232407695923,74,4905.98454265485
Linea_2_4,41.6655543033141,-3.71283197281199,75,4948.86192562059
Linea_2_4,41.6656183237997,-3.71331852850287,76,4989.98826528008
Linea_2_4,41.6656802102692,-3.71382855837183,77,5033.00230411786
Linea_2_4,41.665746364771,-3.71445382511494,78,5085.57343700987
Linea_2_4,41.6658426912957,-3.7150799336448,79,5138.78481391051
Linea_2_4,41.6658646434182,-3.71527462624334,80,5155.17579856617
Linea_2_4,41.6659028789028,-3.71555380649934,81,5178.80291541561
Linea_2_4,41.6659689547125,-3.71562321118225,82,5188.14138600084
Linea_2_4,41.6660519276904,-3.71581396196734,83,5206.50052160425
Linea_2_4,41.6659653471891,-3.7159974690519,84,5224.55066833358
Linea_2_4,41.6658611674638,-3.71604237194791,85,5236.70654974227
Linea_2_4,41.6657380728182,-3.71592986117832,86,5253.27523792189
Linea_2_4,41.6657166351212,-3.71586871922699,87,5258.89449293466
Linea_2_4,41.6657292519273,-3.71570932783962,88,5272.23808130149
Linea_2_4,41.6657655252314,-3.71559849276835,89,5282.3060443366
Linea_2_4,41.6657568887493,-3.71553984748687,90,5287.28172309365
Linea_2_4,41.6657339832289,-3.71519843094094,91,5315.81930209279
Linea_2_4,41.6656204578159,-3.71452638166533,92,5373.17182495246
Linea_2_4,41.6655863135569,-3.71418067104286,93,5402.20200407683
Linea_2_4,41.6655521692979,-3.71384349648514,94,5430.52777752078
Linea_2_4,41.6654817467637,-3.7132779821953,95,5478.25366086918
Linea_2_4,41.6654689426666,-3.71313286909451,96,5490.41819840867
Linea_2_4,41.6653942521,-3.71243504580101,97,5549.10338443289
Linea_2_4,41.6653323656305,-3.71185459339785,98,5597.91423906027
Linea_2_4,41.6652640771125,-3.71128481107563,99,5645.95286801533
Linea_2_4,41.6651893865459,-3.71061472999257,100,5702.35269666582
Linea_2_4,41.6651210980279,-3.70995105095807,101,5758.12436593268
Linea_2_4,41.6650549435261,-3.70930231003689,102,5812.63180469461
Linea_2_4,41.6649823869757,-3.70866210518047,103,5866.53683476861
Linea_2_4,41.664850077972,-3.70751827250365,104,5962.89211950209
Linea_2_4,41.6647433771626,-3.70634029556783,105,6061.67679142472
Linea_2_4,41.6646025320942,-3.70513671043775,106,6163.09355736888
Linea_2_4,41.6644881562732,-3.70395380294386,107,6262.39149693202
Linea_2_4,41.664401615337,-3.70386707625664,108,6274.41045766671
Linea_2_4,41.6643693099857,-3.70376502087484,109,6283.63310731787
Linea_2_4,41.6643899854126,-3.70367161425492,110,6291.74139436355
Linea_2_4,41.6644455505892,-3.70357198445705,111,6302.07874981058
Linea_2_4,41.6643805944106,-3.70293867376402,112,6355.29586873078
Linea_2_4,41.664316573925,-3.70230700497234,113,6408.36358893026
Linea_2_4,41.664248285407,-3.70167106814829,114,6461.84862713404
Linea_2_4,41.6641714608242,-3.70103939935662,115,6515.12549237368
Linea_2_4,41.6640391518206,-3.69983154619416,116,6616.75285217811
Linea_2_4,41.6639036828637,-3.69862755724461,117,6718.11354260413
Linea_2_4,41.6636000096349,-3.697217809525,118,6840.22968014095
Linea_2_4,41.6631727412482,-3.69584947198719,119,6963.63436204545
Linea_2_4,41.6628101833178,-3.69445539789862,120,7086.48241084315
Linea_2_4,41.6626313118432,-3.69389212027366,121,7137.41087271118
Linea_2_4,41.6622464055224,-3.69263468271168,122,7250.48804713344
Linea_2_4,41.6621080155238,-3.69217884712501,123,7291.43217152782
Linea_2_4,41.6618561807759,-3.69178771512014,124,7334.35363451438
Linea_2_4,41.6617962807593,-3.69149399607133,125,7359.69630189351
Linea_2_4,41.6618546349976,-3.69116098718052,126,7388.16890199609
Linea_2_4,41.6618980928096,-3.69070046014539,127,7426.81384987227
Linea_2_4,41.6617386823698,-3.68889257921402,128,7578.37147531633
Linea_2_4,41.6615518234304,-3.68704446843,129,7733.63427554372
Linea_2_4,41.6614644965825,-3.68655901933155,130,7775.19865474597
Linea_2_4,41.6615389935829,-3.68627102823268,131,7800.56283272873
Linea_2_4,41.6616870205207,-3.68617779701188,132,7818.73865294592
Linea_2_4,41.6628881279326,-3.68685283861473,133,7963.45308020557
Linea_2_4,41.6636456769863,-3.68722581675269,134,8053.11058636177
Linea_2_4,41.6649022643022,-3.68732497625595,135,8192.86951396871
Linea_2_4,41.6651566495232,-3.68739158987285,136,8221.65243393638
Linea_2_4,41.666131554693,-3.68789759416633,137,8337.80179376911
Linea_2_4,41.6671816427152,-3.68842417882277,138,8462.35952425655
Linea_2_4,41.6673244923306,-3.68798027596662,139,8502.5744950227
Linea_2_4,41.6674774146829,-3.68762293195894,140,8536.82772076719
Linea_2_4,41.6675797443809,-3.68746563095849,141,8554.16467823163
Linea_2_4,41.6677555670408,-3.6873001097776,142,8578.0592752135
Linea_2_4,41.6693364549432,-3.68624661499331,143,8774.27196836261
Linea_2_4,41.6698205600238,-3.68625065193382,144,8828.0217079491
Linea_2_4,41.6699066293298,-3.68623306153962,145,8837.68926494884
Linea_2_4,41.6699359720523,-3.68617704361468,146,8843.37788196733
Linea_2_4,41.6699302521687,-3.68607739463442,147,8851.69768964455
Linea_2_4,41.6699727861114,-3.68483671265363,148,8955.08930809825
Linea_2_4,41.6699040426697,-3.68474142681433,149,8966.09724421974
Linea_2_4,41.6698101266605,-3.6838405857028,150,9041.81158577123
Linea_2_4,41.6697751712548,-3.6837082010268,151,9053.49569492062
Linea_2_4,41.6696878329055,-3.68340172632986,152,9080.78966216443
Linea_2_4,41.6696263645093,-3.68310289070763,153,9106.58622287191
Linea_2_4,41.6693896288054,-3.68186869158652,154,9212.63962197182
Linea_2_4,41.6693362481128,-3.68166513688743,155,9230.59172814254
Linea_2_4,41.669255584981,-3.68102182236061,156,9284.89024949492
Linea_2_4,41.668946337115,-3.67991971732553,157,9382.85299359196
Linea_2_4,41.6687633195658,-3.67920732470375,158,9445.54338788648
Linea_2_4,41.6704122548995,-3.67882747367668,159,9631.33029046289
Linea_2_4,41.6702516611523,-3.67689238893757,160,9793.40399324098
Linea_2_4,41.6726553965647,-3.67748008298005,161,10064.7301968019
Linea_2_4,41.6723650019827,-3.67959718566479,162,10243.8916002322
Linea_3,41.6723619075866,-3.67963490307125,1,0
Linea_3,41.6721560740563,-3.68109021268074,2,123.283191514545
Linea_3,41.672406933583,-3.68115479742627,3,151.649497341209
Linea_3,41.673245297656,-3.68175216104868,4,257.180642564931
Linea_3,41.6741226994125,-3.68243877975408,5,370.125464932747
Linea_3,41.6751550454445,-3.6832750854077,6,504.228531467326
Linea_3,41.6759752828779,-3.68170054190301,7,663.82682147775
Linea_3,41.6761039212776,-3.68166394387984,8,678.430437325292
Linea_3,41.6762100480133,-3.68172207019754,9,691.168082862649
Linea_3,41.6773227550013,-3.68276261211975,10,842.04596339737
Linea_3,41.6774948052013,-3.68286379488842,11,862.92247974348
Linea_3,41.6775430434928,-3.68282934969068,12,868.997394789161
Linea_3,41.6776459517264,-3.68283580816512,13,880.4356289121
Linea_3,41.6793768843439,-3.68080157770879,14,1136.56695688116
Linea_3,41.6809514828973,-3.67948153982729,15,1343.04949528157
Linea_3,41.684017541597,-3.67706921243595,16,1738.26559210741
Linea_3,41.6852976935963,-3.67591890221038,17,1909.63434094445
Linea_3,41.6868507178631,-3.67426816627706,18,2130.10209491601
Linea_3,41.6884384259071,-3.67269753036263,19,2349.55757223694
Linea_3,41.690026133951,-3.67109275018919,20,2570.71542882212
Linea_3,41.6915339710043,-3.66956228995818,21,2781.06847238765
Linea_3,41.691556395236,-3.66915187508539,22,2815.31363677084
Linea_3,41.6916461459173,-3.66900898887067,23,2830.82783335108
Linea_3,41.6919375152949,-3.66897326707405,24,2863.31403410187
Linea_3,41.6921120004152,-3.66891374275351,25,2883.30989615201
Linea_3,41.6924525103568,-3.66856767553463,26,2930.83543510087
Linea_3,41.6928170883678,-3.66821571260632,27,2980.79900918549
Linea_3,41.6933644436375,-3.66779053794139,28,3051.11994492985
Linea_3,41.6937461088999,-3.66754170457021,29,3098.28395230313
Linea_3,41.695608720299,-3.66628694573361,30,3329.9496223803
Linea_3,41.6962446571231,-3.66587294659313,31,3408.51219839608
Linea_3,41.6968635218176,-3.66545467942026,32,3485.5354478997
Linea_3,41.6974951906093,-3.66503641224739,33,3563.82936723485
Linea_3,41.6981267955014,-3.66462931736102,34,3641.70793142535
Linea_3,41.6988795217091,-3.66422420243114,35,3731.82347252706
Linea_3,41.6992164345773,-3.66405791446792,36,3771.70708151196
Linea_3,41.6994500764512,-3.66391587338814,37,3800.21335084309
Linea_3,41.6995373392857,-3.66383322602857,38,3812.09448844752
Linea_3,41.6997334409095,-3.66365669438991,39,3838.35880638048
Linea_3,41.6998455530153,-3.6635796577396,40,3852.35987346699
Linea_3,41.6999102533362,-3.66354690032134,41,3860.043106384
Linea_3,41.6999540756402,-3.66355192469581,42,3864.92650271548
Linea_3,41.7000026513548,-3.66358445430663,43,3870.96084995966
Linea_3,41.7000526990228,-3.66364359905361,44,3878.38352245348
Linea_3,41.6999781184441,-3.66368771401652,45,3887.44114853386
Linea_3,41.6999121238564,-3.66372837319003,46,3895.51169939549
Linea_3,41.6997988610843,-3.6637816107288,47,3908.84437645481
Linea_3,41.6996804231859,-3.66384296369421,48,3922.95040986165
Linea_3,41.699568387336,-3.66389257957058,49,3936.05666112481
Linea_3,41.6994495736685,-3.66395992854001,50,3950.38922521697
Linea_3,41.6993400476039,-3.66402488857424,51,3963.69680719591
Linea_3,41.6992365478188,-3.66407983949108,52,3976.06438428624
Linea_3,41.698938010173,-3.66423197220919,53,4011.54525676581
Linea_3,41.6985493946062,-3.66444262224306,54,4058.11663697815
Linea_3,41.698157447805,-3.6646622045499,55,4105.31365943353
Linea_3,41.6980939402982,-3.66470339262625,56,4113.15354698308
Linea_3,41.6976188969128,-3.66502093921352,57,4172.14503613447
Linea_3,41.6972443134263,-3.66527083655259,58,4218.64287483841
Linea_3,41.6967357502777,-3.66560889958447,59,4281.72676389297
Linea_3,41.6964118269545,-3.66582385893193,60,4321.89378695258
Linea_3,41.6956768018818,-3.66631467559341,61,4413.15138042525
Linea_3,41.6950225066595,-3.66674419774307,62,4494.11282859559
Linea_3,41.6938976538583,-3.66748595410195,63,4633.42322752372
Linea_3,41.6928032739706,-3.66828674908658,64,4772.00371811137
Linea_3,41.6922569373695,-3.66883140431187,65,4847.72554200441
Linea_3,41.6921692173499,-3.6689433355875,66,4861.20215103279
Linea_3,41.6921154267125,-3.66904085986727,67,4871.27858135406
Linea_3,41.6920546423148,-3.66918135541431,68,4884.77840322654
Linea_3,41.6920562976556,-3.66931951178861,69,4896.27709246185
Linea_3,41.692055470106,-3.66949017927845,70,4910.48014919012
Linea_3,41.6922977941832,-3.6700876285646,71,4967.01183346926
Linea_3,41.6925837523524,-3.67066381293538,72,5024.51945897685
Linea_3,41.6927459375827,-3.67109488420538,73,5064.65820199754
Linea_3,41.6929977514929,-3.67175642922368,74,5126.40301955055
Linea_3,41.6932837096621,-3.67239236604773,75,5188.11726752413
Linea_3,41.6936208842198,-3.67299415861277,76,5250.64222983117
Linea_3,41.6939793989394,-3.67347217823891,77,5306.91668502694
Linea_3,41.6944360784037,-3.67395446589741,78,5371.58219823572
Linea_3,41.695063479163,-3.67438553716741,79,5449.93462199949
Linea_3,41.6957367612703,-3.67468643344993,80,5528.76932644842
Linea_3,41.6969324895698,-3.6754384938007,81,5675.53871908534
Linea_3,41.6974439742208,-3.67592416283902,82,5745.23970063652
Linea_3,41.6979578177402,-3.67641220887594,83,5815.26857023184
Linea_3,41.6984180001696,-3.67714592542188,84,5894.88004091765
Linea_3,41.6988650000871,-3.6782258811613,85,5997.53739712154
Linea_3,41.6991717810599,-3.67994489509107,86,6144.57603450248
Linea_3,41.6991853314303,-3.68165186228784,87,6286.62043562696
Linea_3,41.6991889218586,-3.68335645904824,88,6428.46019514674
Linea_3,41.699349269739,-3.68364540533847,89,6458.37708083625
Linea_3,41.6994600553138,-3.68380940188123,90,6476.74856370284
Linea_3,41.7012495945474,-3.68444569225983,91,6682.36973057293
Linea_3,41.702211366385,-3.68495958737938,92,6797.39584342647
Linea_3,41.7032423210387,-3.68537655614409,93,6917.00253654114
Linea_3,41.705321049293,-3.68624316513896,94,7158.79986812367
Linea_3,41.7071665519737,-3.6866582642651,95,7366.5918435057
Linea_3,41.7083881110465,-3.68692782732288,96,7504.060464688
Linea_3,41.7086854406207,-3.68699420687591,97,7537.53103329825
Linea_3,41.7087583153064,-3.68683411501291,98,7553.11527380803
Linea_3,41.7090206634914,-3.68679116353772,99,7582.46156039316
Linea_3,41.7091267129384,-3.68691680735429,100,7598.20660774946
Linea_3,41.7090635062486,-3.68735707586524,101,7635.50186437109
Linea_3,41.7088953194921,-3.68737686547684,102,7654.24769267923
Linea_3,41.7087010166909,-3.68720373546373,103,7680.18740121517
Linea_3,41.7086816255216,-3.68705567900366,104,7692.6920796072
Linea_3,41.7081916741623,-3.68697061662408,105,7747.5486503619
Linea_3,41.7071366757471,-3.68672655278311,106,7866.42968095006
Linea_3,41.7060999846004,-3.68650010921468,107,7983.06275354956
Linea_3,41.7047839907,-3.68612089421347,108,8132.54218422254
Linea_3,41.7020363770576,-3.68495105131463,109,8452.7552508287
Linea_3,41.6998387636546,-3.68402008635508,110,8708.75206772179
Linea_3,41.6996156445513,-3.68394625767795,111,8734.2747696605
Linea_3,41.6994030244501,-3.68397789853967,112,8758.02780115266
Linea_3,41.6991512461508,-3.68418988736258,113,8791.08224247545
Linea_3,41.6988747596571,-3.6839584480779,114,8827.32055804107
Linea_3,41.6986760342552,-3.68379065459712,115,8853.43110575847
Linea_3,41.6977247491238,-3.68377437560747,116,8959.05852977964
Linea_3,41.6973788867271,-3.68382695828755,117,8997.70721599473
Linea_3,41.6970630523312,-3.68387817467606,118,9033.03152510196
Linea_3,41.6966981355631,-3.68393365909695,119,9073.80950500118
Linea_3,41.6963332187949,-3.68398487548547,120,9114.54880159063
Linea_3,41.696038724561,-3.68402755580923,121,9147.4380509993
Linea_3,41.6957314262299,-3.68407877219774,122,9181.82173998342
Linea_3,41.6954113238017,-3.68411718448913,123,9217.50532756783
Linea_3,41.695109360511,-3.68417426942216,124,9251.36638154837
Linea_3,41.6947753869776,-3.68423668939566,125,9288.80863192746
Linea_3,41.6944467484846,-3.68428790578418,126,9325.54456799253
Linea_3,41.694122378024,-3.684319916027,127,9361.65694075714
Linea_3,41.6937980075635,-3.68435832831838,128,9397.81251471335
Linea_3,41.6934565649734,-3.68442021478784,129,9436.07019404062
Linea_3,41.6931193904157,-3.68445435904685,130,9473.61346526662
Linea_3,41.6927864838903,-3.68449703937061,131,9510.74544660203
Linea_3,41.6924344716078,-3.68454867897685,132,9550.0639770692
Linea_3,41.6922375249965,-3.68457823897053,133,9572.06836673618
Linea_3,41.69221563456,-3.68467096168994,134,9580.15835589106
Linea_3,41.6921437480757,-3.68474246368494,135,9590.11367742024
Linea_3,41.6920555833459,-3.68472217807845,136,9600.04687249443
Linea_3,41.6919904958522,-3.68466776066566,137,9608.57506546101
Linea_3,41.6919495363535,-3.68459868373714,138,9615.9048946659
Linea_3,41.6916303259466,-3.68462691013389,139,9651.42372628996
Linea_3,41.6913737651738,-3.68465495656853,140,9680.00443992803
Linea_3,41.6911176832312,-3.6846955028761,141,9708.63605285194
Linea_3,41.6906193904513,-3.68475418832127,142,9764.17529893746
Linea_3,41.6902171283999,-3.68483634794452,143,9809.35771026008
Linea_3,41.6898415415508,-3.68490463646254,144,9851.44357111286
Linea_3,41.6893998001998,-3.68499639915862,145,9901.07989098239
Linea_3,41.6890774828759,-3.68506237485582,146,9937.28467168252
Linea_3,41.6887499922706,-3.68524501204453,147,9976.69414333801
Linea_3,41.6884398979336,-3.68543672873716,148,10014.6404681646
Linea_3,41.6881727408917,-3.68563873803123,149,10048.7353431538
Linea_3,41.687875161176,-3.6858669995089,150,10086.8468590053
Linea_3,41.6875229329624,-3.68628427792813,151,10139.1476826503
Linea_3,41.6871596114994,-3.68676576211544,152,10196.0065720808
Linea_3,41.6868315117175,-3.68719977087282,153,10247.3066741634
Linea_3,41.6864926241119,-3.68771105396405,154,10304.10786435
Linea_3,41.686194340392,-3.68807410539927,155,10348.9381199465
Linea_3,41.6859330662412,-3.68809512467681,156,10377.9993696025
Linea_3,41.6856241769464,-3.68791186725431,157,10415.5330747006
Linea_3,41.6853676017477,-3.68766373832665,158,10450.7178722523
Linea_3,41.6852521507439,-3.68747761127599,159,10470.8244763548
Linea_3,41.6851609154263,-3.68713885021094,160,10500.7833040209
Linea_3,41.685073612947,-3.68639830978603,161,10563.1745402204
Linea_3,41.6850184768207,-3.68598346293348,162,10598.2399316704
Linea_3,41.6849471012922,-3.68579322795003,163,10615.9453175764
Linea_3,41.6847831766417,-3.68559281612411,164,10640.6326377568
Linea_3,41.6845519667374,-3.6856101203083,165,10666.3435913716
Linea_3,41.6841738869952,-3.68557144784617,166,10708.4439371297
Linea_3,41.6817648721126,-3.68478989696308,167,10983.7064882157
Linea_3,41.6812419046614,-3.68474872787135,168,11041.8710785044
Linea_3,41.6806816591337,-3.68480933520831,169,11104.277736311
Linea_3,41.678999268983,-3.68509307965533,170,11292.5557576048
Linea_3,41.6762624155072,-3.68568196576049,171,11600.3487232878
Linea_3,41.6761748988815,-3.68581792488604,172,11615.2649116275
Linea_3,41.676052034586,-3.68588950950081,173,11630.1508010312
Linea_3,41.6759616522996,-3.68580840812646,174,11642.2451306975
Linea_3,41.6759152816323,-3.68574167891904,175,11649.8186877556
Linea_3,41.6758373974244,-3.68574357481185,176,11658.4673792063
Linea_3,41.6746236406725,-3.68594880771295,177,11794.3057126864
Linea_3,41.6734511225634,-3.68572875766711,178,11925.7692504174
Linea_3,41.6713225262135,-3.6850856848362,179,12168.087847069
Linea_3,41.6710765598664,-3.6850672681326,180,12195.4397338807
Linea_3,41.6707849070959,-3.68518611976052,181,12229.2988454315
Linea_3,41.6703663733153,-3.68561082856948,182,12287.68842122
Linea_3,41.6699667810714,-3.68626537273377,183,12357.9546936271
Linea_3,41.6699674403032,-3.68643814939998,184,12372.3381091018
Linea_3,41.6699369222605,-3.68664111265778,185,12389.5706962648
Linea_3,41.6698848037068,-3.68700165385235,186,12420.1376036225
Linea_3,41.6698836398977,-3.68818698979771,187,12518.8141088668
Linea_3,41.6699064371736,-3.68855321716703,188,12549.4065583687
Linea_3,41.6699459429207,-3.68897441888834,189,12584.7438626982
Linea_3,41.6701210751129,-3.68989531579786,190,12663.8336721761
Linea_3,41.6700382870746,-3.68998526438952,191,12675.6893622394
Linea_3,41.6697474163101,-3.69015944169485,192,12711.0896482566
Linea_3,41.6692915122258,-3.69040997343635,193,12765.8357081069
Linea_3,41.669218473138,-3.69048087955335,194,12775.8658739328
Linea_3,41.6692300109094,-3.69072109819501,195,12795.9047070598
Linea_3,41.6692257145986,-3.69100502363716,196,12819.5458921331
Linea_3,41.669101339809,-3.69174286202659,197,12882.5029978654
Linea_3,41.6690487024341,-3.69203451492632,198,12907.4761773225
Linea_3,41.6690290233899,-3.69220326043626,199,12921.6929311607
Linea_3,41.6689426344039,-3.69240885721882,200,12941.3129213975
Linea_3,41.668651146772,-3.69377459973771,201,13059.526000907
Linea_3,41.6687216158635,-3.69389158594362,202,13072.0185147256
Linea_3,41.6687402563325,-3.69412930718531,203,13091.91653745
Linea_3,41.6687102600353,-3.69425459272517,204,13102.8652726568
Linea_3,41.6685766842769,-3.69439805684604,205,13121.9069717958
Linea_3,41.6684328150098,-3.69429100663606,206,13140.1982297342
Linea_3,41.6683716222566,-3.69408701607748,207,13158.4889923424
Linea_3,41.6682542014161,-3.69403830583246,208,13172.1419861085
Linea_3,41.6675421604177,-3.69411893797218,209,13251.4822190354
Linea_3,41.666312946069,-3.69427670205657,210,13388.5886888903
Linea_3,41.6650431522936,-3.69441389571412,211,13530.0319212705
Linea_3,41.6640764971039,-3.69412305289103,212,13640.0542724291
Linea_3,41.6631001443524,-3.69388865199633,213,13750.198316273
Linea_3,41.6629277079147,-3.69388040850498,214,13769.3556936951
Linea_3,41.6619595530453,-3.69398647585499,215,13877.2090350648
Linea_3,41.6610561142781,-3.69405849071953,216,13977.6940400148
Linea_3,41.6610308558299,-3.69357741886242,217,14017.845699857
Linea_3,41.6600873473568,-3.69370045586811,218,14123.1001458691
Linea_3,41.66005007461,-3.69323305555014,219,14162.2354680373
Linea_3,41.6594584860728,-3.69329505461005,220,14228.1201918359
Linea_3,41.6588097451517,-3.69338895132232,221,14300.5708639413
Linea_3,41.6581695402952,-3.69345723984034,222,14371.8778022201
Linea_3,41.6575063860878,-3.69355787856961,223,14445.9809715387
Linea_3,41.6574345315007,-3.69357875349615,224,14454.1459019078
Linea_3,41.6573470286278,-3.6936267912202,225,14464.6522228644
Linea_3,41.6571917322271,-3.69341094062503,226,14489.5580837294
Linea_3,41.6570427797479,-3.69287678743718,227,14537.0090401902
Linea_3,41.6568781034365,-3.69240785321838,228,14580.123264727
Linea_3,41.6568311823537,-3.69228712825827,229,14591.4450823172
Linea_3,41.6568242889732,-3.69208678429706,230,14608.1441710883
Linea_3,41.6568646512724,-3.69200894745725,231,14616.0236338134
Linea_3,41.6570160616615,-3.69192581871732,232,14634.2034499133
Linea_3,41.6571027209889,-3.69194163534553,233,14643.9146646298
Linea_3,41.6572095041126,-3.69207743016435,234,14660.2977044992
Linea_3,41.6572794222325,-3.69213410641578,235,14669.3823387194
Linea_3,41.6573822297846,-3.69216591484772,236,14681.0999651118
Linea_3,41.6576522135234,-3.69215930991007,237,14711.0804267778
Linea_3,41.657689634241,-3.69215008354325,238,14715.3055538543
Linea_3,41.6578631924222,-3.69191774158094,239,14742.6106451892
Linea_3,41.658459055307,-3.69182079805458,240,14809.2579708015
Linea_3,41.658382941914,-3.69070009092533,241,14902.9526581115
Linea_3,41.6582719730723,-3.68959040250753,242,14996.1659714346
Linea_3,41.65817807636,-3.6883782813127,243,15097.6274252177
Linea_3,41.6580967455746,-3.68722345513143,244,15194.2045290551
Linea_3,41.659210940195,-3.68708933553509,245,15318.4129009617
Linea_3,41.6603125295549,-3.6869557540104,246,15441.2234231761
Linea_3,41.6603974531956,-3.68808805511112,247,15535.9690478559
Linea_3,41.6604828138431,-3.68927456811169,248,15635.2114665499
Linea_3,41.6605681744906,-3.69044400898276,249,15733.0389388569
Linea_3,41.6606529136487,-3.69159241720345,250,15829.1167318385
Linea_3,41.6612344792807,-3.69151097830729,251,15894.0411494199
Linea_3,41.6618436786142,-3.69129512771298,252,15964.0254120173
Linea_3,41.6621482761204,-3.69123916644747,253,15998.1633500113
Linea_3,41.6627219110311,-3.69132046244764,254,16062.2108654952
Linea_3,41.662978725128,-3.69129647904791,255,16090.7939552145
Linea_3,41.664173195841,-3.69114458418511,256,16224.0138675448
Linea_3,41.6640508889096,-3.68916359926991,257,16389.4990560268
Linea_3,41.6639044418626,-3.68719531775008,258,16554.1735175876
Linea_3,41.6647107004327,-3.68730724028109,259,16644.1735111039
Linea_3,41.6650498929884,-3.68735647614852,260,16682.0554129528
Linea_3,41.6652171148431,-3.68741243741405,261,16701.1971659373
Linea_3,41.6663897706517,-3.68808805511112,262,16843.0238631459
Linea_3,41.667732837528,-3.68883122249309,263,17004.4660901316
Linea_3,41.6688594958319,-3.68974520426647,264,17150.8793763804
Linea_3,41.6690707164009,-3.69008192493391,265,17187.4269968953
Linea_3,41.6691998911498,-3.69036077818447,266,17214.7141054809
Linea_3,41.6700887176478,-3.68986349507978,267,17321.729299139
Linea_3,41.6698935092066,-3.68890422530896,268,17404.4749906087
Linea_3,41.6698312061329,-3.68767427148117,269,17507.0991818839
Linea_3,41.6698380356299,-3.68720701095484,270,17546.004937136
Linea_3,41.6699158991319,-3.68659564653811,271,17597.6285764703
Linea_3,41.6699530354319,-3.68625461808082,272,17626.3162093269
Linea_3,41.6699293174024,-3.68594754698708,273,17652.0144038784
Linea_3,41.6699749656819,-3.68485288888934,274,17743.2828167594
Linea_3,41.6699054971456,-3.68475089074306,275,17754.7539607726
Linea_3,41.669808044812,-3.68380368949775,276,17834.3450999945
Linea_3,41.6696945809779,-3.68343594403984,277,17867.4496962601
Linea_3,41.6693178987792,-3.68162786509174,278,18023.6709019009
Linea_3,41.6692579503858,-3.68101833847101,279,18074.8476529209
Linea_3,41.6687849490563,-3.6792502584189,280,18231.1259487084
Linea_3,41.6704451076181,-3.67883454616234,281,18418.668739005
Linea_3,41.6702351204765,-3.67690633697498,282,18580.8705767742
Linea_3,41.6726546025758,-3.67745950693066,283,18853.4163360826
Linea_3,41.6723619075866,-3.67963490307125,284,19037.3981271937